// Reference=MNI
// Knutson et al:A region of mesial prefrontal ..
// Subjects=12
3.016 70.512 -2.209
6.036 -59.825 59.986
6.805 -50.843 24.652
1.887 56.703 -15.536
// Schienle et al:Binge-Eating Disorder  Reward ..
// Subjects=19
27.0 27.0 -18.0
9.0 -93.0 -6.0
-36.0 -6.0 6.0
30.0 24.0 -21.0
-3.0 39.0 9.0
3.0 33.0 12.0
-27.0 33.0 -15.0
27.0 27.0 -18.0
-9.0 63.0 -3.0
27.0 0.0 -27.0
-9.0 9.0 -6.0
-18.0 -3.0 -21.0
// Elliott et al:Differential Response Patterns..
// Subjects=12
-34.444 8.161 -34.467
42.42 1.249 -48.153
-8.69 -13.634 -29.589
26.6 -6.564 -23.896
29.98 1.855 2.124
-27.749 1.252 -0.508
-53.887 -22.575 65.356
49.213 -11.233 -3.691
-37.134 -95.257 -9.035
-34.476 44.083 -24.097
17.106 70.451 23.284
42.987 -88.432 -10.528
// Knutson et al:Dissociation of reward anticip..
// Subjects=9
11.899 -5.056 10.717
-3.482 45.412 -23.449
0.558 -26.106 56.106
20.249 11.601 -8.619
// Smith et al:Distinct Value Signals in Ante..
// Subjects=23
-8.0 18.0 -6.0
0.0 38.0 -12.0
0.0 42.0 -6.0
-18.0 18.0 0.0
50.0 -76.0 -2.0
48.0 -74.0 6.0
34.0 -92.0 -6.0
40.0 -82.0 8.0
54.0 -72.0 10.0
0.0 48.0 -8.0
40.0 -84.0 -2.0
// Cohen et al:Individual differences in extr..
// Subjects=16
18.0 -7.0 -28.0
-28.0 -45.0 -28.0
7.0 -87.0 0.0
-38.0 -24.0 -17.0
39.0 -21.0 -14.0
28.0 -35.0 -3.0
-21.0 14.0 -10.0
14.0 14.0 -10.0
-23.0 0.0 -16.0
27.0 -1.0 -21.0
-10.0 42.0 -24.0
14.0 -45.0 -14.0
21.0 39.0 -21.0
-31.0 -14.0 -21.0
53.0 -17.0 46.0
14.0 11.0 -14.0
11.0 0.0 -14.0
39.0 -21.0 14.0
25.0 25.0 -21.0
4.0 -56.0 35.0
-21.0 21.0 -25.0
-28.0 -24.0 -14.0
-17.0 -3.0 -14.0
-7.0 4.0 8.0
25.0 -10.0 67.0
// Koeneke et al:Individual preferences modulat..
// Subjects=19
0.0 -54.0 -4.0
16.0 -60.0 40.0
16.0 -82.0 -28.0
38.0 -30.0 54.0
28.0 16.0 20.0
18.0 28.0 40.0
46.0 -28.0 28.0
42.0 -42.0 22.0
-2.0 -42.0 8.0
52.0 -26.0 16.0
-22.0 -66.0 -34.0
6.0 -20.0 -22.0
18.0 8.0 18.0
14.0 -50.0 -4.0
22.0 -52.0 -2.0
34.0 -22.0 -16.0
22.0 -90.0 -16.0
-6.0 -66.0 4.0
-14.0 -56.0 0.0
-14.0 -96.0 20.0
6.0 -46.0 6.0
24.0 2.0 -8.0
16.0 2.0 26.0
-12.0 -80.0 -2.0
-14.0 -82.0 -12.0
-20.0 -72.0 -4.0
-42.0 -52.0 22.0
-38.0 -56.0 16.0
// Elliott et al:Instrumental responding for re..
// Subjects=12
27.0 6.0 9.0
24.0 -3.0 3.0
30.0 -6.0 -21.0
3.0 -18.0 9.0
33.0 3.0 0.0
27.0 0.0 -21.0
-57.0 18.0 -3.0
3.0 33.0 30.0
0.0 51.0 -6.0
9.0 57.0 36.0
45.0 36.0 30.0
54.0 24.0 -9.0
-45.0 51.0 -9.0
3.0 -15.0 -21.0
// John O Doherty et al:Neural Responses during Antici..
// Subjects=8
56.0 8.0 20.0
42.0 46.0 -16.0
54.0 0.0 18.0
28.0 60.0 -12.0
// Sescousse et al:The Architecture of Reward Val..
// Subjects=18
-27.0 -6.0 48.0
-12.0 9.0 -9.0
9.0 6.0 -9.0
-3.0 -24.0 -24.0
6.0 -24.0 -9.0
-27.0 21.0 -6.0
33.0 24.0 3.0
-6.0 27.0 39.0
9.0 18.0 39.0
3.0 6.0 27.0
33.0 -69.0 -27.0
-33.0 -54.0 -33.0
39.0 -81.0 12.0
-15.0 -66.0 54.0
-9.0 -18.0 9.0
-27.0 -12.0 57.0
-9.0 15.0 45.0
-3.0 -18.0 27.0
3.0 -3.0 30.0
30.0 -6.0 54.0
