// Reference=MNI
// Rademacher et al:Dissociation of neural network..
// Subjects=28
-37.319 41.232 21.898
-52.019 -33.048 26.066
-36.966 -21.014 42.727
-52.112 5.533 29.523
36.328 44.075 10.777
-47.044 10.397 -4.399
43.251 -32.965 46.154
64.168 8.576 3.398
-5.193 30.049 25.813
-34.205 33.707 6.881
57.967 9.621 31.261
-61.811 13.42 22.282
1.185 -29.582 -2.716
33.661 -67.888 35.81
-11.207 -64.728 39.406
-18.212 13.656 -6.119
13.846 13.848 -6.503
36.224 35.302 -6.329
1.169 -52.816 -14.149
23.574 11.762 6.942
33.444 -32.793 21.717
-18.217 10.313 -8.069
20.839 -61.363 38.756
14.017 29.907 22.258
-52.111 -17.529 20.305
27.045 -36.003 22.06
// John O Doherty et al:Neural Responses during Antici..
// Subjects=8
-2.0 -22.0 -10.0
10.0 44.0 -22.0
24.0 18.0 -16.0
-28.0 -24.0 -16.0
22.0 -14.0 -18.0
28.0 -8.0 -14.0
12.0 2.0 -2.0
8.0 -6.0 -6.0
// Tobler et al:Reward Value Coding Distinct F..
// Subjects=16
-8.0 12.0 6.0
16.0 -6.0 4.0
-30.0 34.0 0.0
14.0 46.0 18.0
52.0 28.0 8.0
