// Reference=MNI
// Knutson et al:Anticipation of Increasing Mon..
// Subjects=8
13.818 19.05 -8.054
-6.303 2.151 9.207
9.698 5.248 6.533
-17.177 15.52 -9.633
25.709 0.772 2.263
5.435 -0.15 5.919
2.311 25.95 27.186
2.323 22.778 27.451
7.553 39.214 19.322
0.513 4.187 62.487
2.51 -22.519 33.478
1.19 -51.501 -10.914
// Spreckelmeyer et al:Anticipation of monetary and s..
// Subjects=32
-18.243 5.655 -13.254
36.165 28.101 -16.877
-20.924 -93.276 15.147
-8.575 10.627 -4.86
4.45 -15.761 10.585
10.628 17.001 -6.731
-8.522 7.883 0.945
1.22 -16.037 7.3
30.382 -89.54 17.59
17.604 -94.647 21.511
23.549 11.505 3.619
-24.129 -93.295 15.186
46.392 -56.693 28.034
26.67 20.527 -3.865
1.132 28.088 13.637
27.226 -91.245 23.345
-5.218 29.792 22.489
-11.207 -64.728 39.406
10.628 17.001 -6.731
-18.212 13.656 -6.119
27.163 -92.988 14.571
32.993 35.026 -9.614
-24.129 -93.295 15.186
23.549 11.505 3.619
-8.522 7.883 0.945
-18.212 13.656 -6.119
30.394 -92.712 17.856
23.766 -53.254 5.701
3.983 51.887 -22.962
14.31 -73.603 18.669
23.958 -93.007 14.609
27.213 -92.474 21.218
20.412 0.111 7.956
1.267 24.0 29.591
-5.23 32.964 22.223
-20.924 -93.276 15.147
-21.456 12.151 -11.531
4.45 -15.761 10.585
-2.238 35.157 -4.76
-21.453 2.292 -15.165
43.273 -77.775 30.953
14.298 -70.431 18.403
-8.595 13.714 -6.234
17.255 0.606 14.642
16.947 34.759 -11.638
17.113 11.209 0.372
7.515 1.464 -0.931
// Knutson et al:Distributed Neural Representat..
// Subjects=14
33.127 22.136 2.617
1.266 -12.265 14.79
1.067 -18.722 -13.662
-22.684 43.439 -19.717
24.342 43.806 -19.173
-39.668 56.595 0.563
40.489 58.304 1.73
-0.263 48.86 -20.429
5.06 56.38 -20.006
1.458 5.109 46.786
-31.047 21.153 -4.37
-10.708 9.557 -4.746
12.789 12.87 -5.294
-6.397 8.868 -0.277
8.564 8.958 -0.456
1.272 27.344 31.541
// Croxson et al:Effort-Based Cost Benefit Valu..
// Subjects=19
10.0 16.0 -10.0
26.0 -52.0 -40.0
-16.0 16.0 -6.0
-26.0 -92.0 -18.0
32.0 -76.0 20.0
-32.0 20.0 -4.0
26.0 24.0 0.0
-8.0 24.0 36.0
-16.0 -76.0 46.0
// Abler et al:From uncertainty to reward - B..
// Subjects=15
-8.0 8.0 2.0
32.0 26.0 -8.0
-40.0 20.0 -12.0
-30.0 54.0 -4.0
-10.0 26.0 32.0
10.0 28.0 34.0
54.0 -38.0 -6.0
-58.0 -36.0 -16.0
44.0 18.0 24.0
40.0 36.0 16.0
42.0 -90.0 -6.0
-40.0 -90.0 -8.0
-6.0 10.0 2.0
40.0 26.0 -14.0
-12.0 6.0 0.0
-30.0 -64.0 -10.0
-24.0 -50.0 -12.0
34.0 -60.0 -14.0
42.0 -90.0 -4.0
-20.0 -98.0 -10.0
-46.0 6.0 38.0
10.0 6.0 2.0
// Smith et al:Neural substrates of reward ma..
// Subjects=25
-3.852 -51.707 28.193
-16.006 -18.567 -10.133
24.483 -5.263 -20.636
25.629 -14.345 -14.311
41.671 -6.419 -9.584
-28.645 0.844 21.84
-59.593 -53.839 5.593
8.477 59.684 8.673
0.424 -8.815 45.736
-23.583 -6.437 -17.755
// Tobler et al:Reward Value Coding Distinct F..
// Subjects=16
12.0 36.0 36.0
-12.0 2.0 6.0
18.0 -6.0 2.0
50.0 16.0 6.0
