// Reference=MNI
// Vassena et al:Dissociating contributions of ..
// Subjects=20
46.0 -36.0 48.0
18.0 4.0 -8.0
-44.0 6.0 26.0
-38.0 34.0 10.0
-46.0 44.0 14.0
-6.0 34.0 6.0
8.0 28.0 14.0
12.0 10.0 -2.0
0.0 38.0 -2.0
44.0 36.0 16.0
-52.0 -54.0 -10.0
28.0 -92.0 -4.0
40.0 -82.0 -10.0
56.0 -52.0 -12.0
8.0 -36.0 32.0
44.0 10.0 26.0
-12.0 6.0 -2.0
-18.0 -96.0 -2.0
-52.0 -54.0 10.0
-18.0 -96.0 -2.0
32.0 -10.0 -10.0
-28.0 34.0 48.0
-26.0 12.0 62.0
-26.0 22.0 56.0
6.0 10.0 2.0
6.0 0.0 30.0
-6.0 -6.0 32.0
-8.0 -50.0 14.0
8.0 -56.0 18.0
-42.0 -44.0 38.0
-50.0 -38.0 44.0
-12.0 6.0 -2.0
12.0 10.0 -2.0
18.0 4.0 -8.0
32.0 -58.0 42.0
36.0 -70.0 34.0
// Lawrence et al:Distinct Roles of Prefrontal C..
// Subjects=15
24.0 -48.0 21.0
-27.0 -63.0 54.0
36.0 -75.0 -45.0
-21.0 -21.0 27.0
-18.0 18.0 12.0
12.0 -42.0 -48.0
-24.0 -48.0 24.0
3.0 -12.0 15.0
54.0 -39.0 51.0
-27.0 -63.0 -42.0
-21.0 18.0 63.0
18.0 30.0 3.0
27.0 -12.0 30.0
// Xue et al:Functional Dissociations of Ri..
// Subjects=13
-44.0 -78.0 34.0
0.0 58.0 -4.0
-52.0 42.0 -4.0
-22.0 32.0 44.0
-16.0 54.0 34.0
-14.0 20.0 54.0
-20.0 12.0 -12.0
-10.0 16.0 -6.0
8.0 18.0 -4.0
20.0 12.0 -10.0
-46.0 -66.0 24.0
6.0 -46.0 68.0
-46.0 -56.0 58.0
-76.0 32.0 44.0
32.0 -62.0 36.0
-6.0 -46.0 30.0
0.0 48.0 -14.0
-14.0 50.0 -2.0
-46.0 -74.0 32.0
-40.0 -60.0 40.0
-44.0 -66.0 18.0
26.0 28.0 38.0
-18.0 -54.0 68.0
-2.0 40.0 8.0
-50.0 -54.0 56.0
-56.0 -54.0 46.0
// Greck et al:Is our self based on reward - ..
// Subjects=15
-14.0 -28.0 12.0
-38.0 -30.0 38.0
42.0 -72.0 -46.0
-6.0 -26.0 46.0
62.0 -34.0 28.0
6.0 -32.0 60.0
-54.0 -40.0 20.0
56.0 -40.0 26.0
-60.0 -6.0 -4.0
34.0 -18.0 48.0
54.0 -24.0 6.0
-30.0 -30.0 14.0
42.0 2.0 6.0
-22.0 26.0 8.0
10.0 18.0 8.0
14.0 -18.0 -16.0
-2.0 54.0 14.0
-24.0 12.0 -12.0
16.0 14.0 -8.0
60.0 4.0 -12.0
// Christakou et al:Right Ventromedial and Dorsola..
// Subjects=19
5.439 0.993 6.939
-61.481 -40.28 43.509
-51.867 -7.301 56.246
1.375 27.314 44.925
-7.432 13.605 6.029
60.17 -42.406 18.871
-40.453 -0.883 14.314
-2.798 14.056 52.776
// Fujiwara et al:Segregated and Integrated Codi..
// Subjects=17
4.0 32.0 6.0
-10.0 42.0 6.0
14.0 52.0 18.0
-20.0 -72.0 -36.0
58.0 -36.0 -10.0
0.0 -48.0 26.0
-14.0 14.0 52.0
-14.0 48.0 36.0
14.0 48.0 40.0
-48.0 20.0 4.0
46.0 32.0 -4.0
0.0 -18.0 -14.0
50.0 -26.0 -22.0
64.0 -44.0 30.0
38.0 -58.0 40.0
60.0 -54.0 20.0
-10.0 -30.0 32.0
-6.0 -12.0 30.0
